G3: ['YES', 'NO', nan]
G4: ['OFTEN', 'NEVER', nan, 'SOMETIMES', 'RARELY']
G4A: ['SOMETIMES', 'NEVER', nan, 'OFTEN', 'RARELY']
G5: [6.0, nan, 1.0, 25.0, 0.0, 5.0, 12.0, 2.0, 3.0, 8.0, 18.0, 4.0, 10.0, 30.0, 9.0, 22.0, 7.0, 40.0, 21.0, 15.0, 29.0, 14.0, 24.0, 20.0, 45.0, 11.0, 50.0, 13.0, 17.0, 69.0, 16.0, 32.0, 60.0, 28.0, 120.0, 36.0, 365.0, 95.0, 42.0, 31.0, 27.0]
G5A: ['YEARS', nan, 'MONTHS', 'DAYS', 'WEEKS']
G9A: ['YES', nan, 'NO']
G9B: ['YES', nan, 'NO']
G9C: ['YES', nan, 'NO']
G9D: ['NO', nan, 'YES']
G9E: ['NO', nan, 'YES']
G9F: ['YES', nan, 'NO']
G10A: ['NO', nan, 'YES']
G10B: ['NO', nan, 'YES']
G10C: ['NO', nan, 'YES']
G10D: ['NO', nan, 'YES']
G10E: ['YES', nan, 'NO']
G13A: [nan, 'YES', 'NO']
G13B: [nan, 'YES', 'NO']
G13C: [nan, 'NO', 'YES']
G13D: [nan, 'NO', 'YES']
G13E: [nan, 'NO', 'YES']
G13F: [nan, 'NO', 'YES']
G13G: [nan, 'NO', 'YES']
G13H: [nan, 'NO', 'YES']
G13I: [nan, 'NO', 'YES']
G13J: [nan, 'NO', 'YES']
G13K: [nan, 'NO', 'YES']
G13L: [nan, 'NO', 'YES']
G13M: [nan, 'NO', 'YES']
G13N: [nan, 'NO', 'YES']
G13O: [nan, 'NO', 'YES']
G15: ['MODERATE', nan, 'MILD', 'SEVERE', 'VERY SEVERE', 'NO']
G17: ['SOME', nan, 'A LITTLE', 'A LOT', 'NOT AT ALL', 'EXTREMELY']
G17A: ['SOMETIMES', nan, 'NEVER', 'RARELY', 'OFTEN']
G18A: ['NO', nan, 'YES']
G18B: [nan, 'YES', 'NO']
G26: ['YES', nan, 'NO']
G26A: [34.0, nan, 12.0, 23.0, 39.0, 52.0, 55.0, 31.0, 13.0, 32.0, 37.0, 14.0, 38.0, 35.0, 64.0, 69.0, 24.0, 20.0, 43.0, 9.0, 42.0, 16.0, 15.0, 26.0, 25.0, 19.0, 47.0, 8.0, 17.0, 36.0, 30.0, 11.0, 50.0, 22.0, 45.0, 27.0, 18.0, 21.0, 44.0, 33.0, 49.0, 58.0, 7.0, 48.0, 28.0, 41.0, 29.0, 51.0, 81.0, 60.0, 6.0, 53.0, 40.0, 74.0, 65.0, 10.0, 5.0, 4.0, 57.0, 61.0, 46.0, 80.0, 56.0, 83.0, 75.0, 70.0, 72.0, 78.0, 54.0, 59.0, 73.0]
AG26B1: [nan, 13.0, 15.0, 36.0, 10.0, 35.0, 56.0, 12.0, 20.0, 14.0, 25.0, 28.0, 4.0, 18.0, 23.0, 54.0, 22.0, 21.0, 27.0, 19.0, 11.0, 5.0, 16.0, 33.0, 39.0, 44.0, 70.0, 30.0, 17.0, 42.0, 38.0, 58.0, 50.0, 24.0, 6.0, 9.0, 40.0, 45.0, 53.0, 37.0, 31.0, 32.0, 47.0, 8.0, 7.0, 26.0, 63.0, 65.0, 52.0, 66.0, 78.0]
AG26B2: [nan, 'NO', 'YES']
AG26B3: [nan, 'NO', 'YES']
G26C: ['BROUGHT ON BY STRESS', nan, 'DONT REMEMBER', 'OUT OF THE BLUE']
G27: ['NO', nan, 'YES']
G27A: [nan, 'PAST MONTH', '2-6 MONTHS AGO', 'MORE THAN 6 MONTHS']
G27A_1: [nan, 2.0, 1.0, 3.0, 4.0, 5.0, 10.0, 6.0, 0.0, 12.0, 7.0, 25.0, 27.0, 8.0, 20.0, 40.0, 16.0, 48.0, 9.0, 31.0, 11.0, 19.0]
G27A_4: [nan, 3.0, 2.0, 20.0, 5.0, 24.0, 8.0, 10.0, 12.0, 4.0, 1.0, 6.0, 15.0, 30.0, 14.0, 18.0, 7.0, 9.0, 32.0, 13.0, 11.0, 75.0, 16.0, 40.0, 365.0, 54.0, 35.0, 90.0, 105.0]
G27A_4A: [nan, 'MONTHS', 'WEEKS', 'DAYS', 'YEARS']
G27A_6: [nan, 'STILL GOING ON', 'ENDED']
G27A_7: [nan, 1.0, 5.0, 3.0, 30.0, 22.0, 2.0, 9.0, 12.0, 8.0, 6.0, 10.0, 0.0, 4.0, 23.0, 17.0, 7.0, 20.0, 365.0, 13.0, 45.0]
G27A_7A: [nan, 'DAYS', 'WEEKS', 'MONTHS', 'YEARS']
G27A_9: [nan, 'ENDED', 'STILL GOING ON']
G27B: [nan, 1.0, 9.0, 5.0, 12.0, 2.0, 4.0, 3.0, 6.0, 7.0, 10.0, 0.0, 8.0, 11.0]
G27C: [39.0, nan, 52.0, 35.0, 34.0, 40.0, 36.0, 33.0, 20.0, 19.0, 43.0, 11.0, 15.0, 25.0, 51.0, 18.0, 50.0, 22.0, 64.0, 30.0, 12.0, 27.0, 57.0, 42.0, 16.0, 60.0, 21.0, 53.0, 23.0, 41.0, 32.0, 65.0, 58.0, 61.0, 28.0, 62.0, 24.0, 26.0, 31.0, 17.0, 29.0, 37.0, 55.0, 45.0, 63.0, 13.0, 44.0, 38.0, 48.0, 49.0, 75.0, 67.0, 47.0, 70.0, 46.0, 83.0, 54.0, 68.0, 59.0, 56.0, 14.0, 66.0, 72.0, 78.0, 79.0, 80.0, 8.0, 5.0, 73.0, 71.0, 84.0, 69.0]
G28: [7.0, nan, 0.0, 1.0, 3.0, 10.0, 2.0, 8.0, 5.0, 99.0, 15.0, 6.0, 4.0, 9.0, 14.0, 80.0, 39.0, 24.0, 20.0, 12.0, 25.0, 36.0, 34.0, 30.0, 84.0, 50.0, 17.0, 22.0, 75.0, 56.0, 60.0, 40.0, 28.0, 35.0, 27.0, 48.0, 18.0, 64.0, 33.0, 16.0, 11.0, 38.0]
G30: [nan, 'MONTHS', 'WEEKS', 'YEARS', 'DAYS']
G30A: [nan, 3.0, 1.0, 5.0, 2.0, 8.0, 32.0, 6.0, 9.0, 90.0, 21.0, 16.0, 15.0, 12.0, 63.0, 55.0, 4.0, 7.0, 20.0, 18.0, 30.0, 40.0, 0.0, 10.0, 45.0, 54.0, 25.0, 13.0, 42.0, 59.0, 27.0, 19.0]
G31: [4.0, nan, 1.0, 3.0, 2.0]
G31_1: [7.0, nan, 1.0, 2.0, 10.0, 4.0, 5.0, 99.0, 3.0, 15.0, 6.0, 0.0, 80.0, 30.0, 12.0, 24.0, 20.0, 90.0, 25.0, 18.0, 8.0, 16.0, 84.0, 50.0, 17.0, 22.0, 75.0, 56.0, 997.0, 120.0, 9.0, 40.0, 28.0, 60.0, 180.0, 48.0, 150.0, 200.0, 300.0, 100.0, 11.0, 36.0, 13.0]
G31A: [6.0, nan, 3.0, 2.0, 1.0, 9.0, 10.0, 4.0, 20.0, 5.0, 51.0, 30.0, 15.0, 18.0, 12.0, 8.0, 50.0, 7.0, 36.0, 21.0, 0.0, 16.0, 11.0, 35.0, 45.0, 90.0, 14.0, 60.0, 29.0, 19.0, 52.0, 40.0, 32.0, 365.0, 28.0, 25.0, 34.0]
G32: [7.0, nan, 5.0, 10.0, 15.0, 2.0, 3.0, 8.0, 40.0, 4.0, 6.0, 1.0, 51.0, 42.0, 46.0, 22.0, 25.0, 11.0, 30.0, 43.0, 32.0, 26.0, 20.0, 35.0, 0.0, 41.0, 27.0, 13.0, 12.0, 24.0, 61.0, 38.0, 28.0, 17.0, 39.0, 67.0, 14.0, 9.0, 18.0, 55.0, 37.0, 16.0, 36.0, 48.0, 50.0, 65.0, 19.0, 29.0, 60.0, 45.0, 31.0, 33.0, 21.0, 62.0, 34.0, 23.0, 53.0]
G34: [6.0, nan, 2.0, 1.0, 5.0, 0.0, 4.0, 19.0, 40.0, 10.0, 7.0, 15.0, 3.0, 51.0, 42.0, 46.0, 22.0, 20.0, 25.0, 30.0, 32.0, 26.0, 35.0, 8.0, 16.0, 12.0, 41.0, 47.0, 13.0, 24.0, 61.0, 11.0, 38.0, 17.0, 39.0, 65.0, 14.0, 28.0, 48.0, 18.0, 55.0, 37.0, 9.0, 50.0, 36.0, 27.0, 60.0, 67.0, 45.0, 31.0, 33.0, 21.0, 62.0, 34.0, 29.0, 23.0, 53.0, 43.0]
G36A: [nan, 'SOMETIMES', 'OFTEN', 'OCCASIONALLY', 'NEVER']
G36B: [nan, 'SOMETIMES', 'NEVER', 'OFTEN', 'OCCASIONALLY']
G36C: [nan, 'SOMETIMES', 'OFTEN', 'NEVER', 'OCCASIONALLY']
G36D: [nan, 'SOMETIMES', 'OFTEN', 'OCCASIONALLY', 'NEVER']
G36E: [nan, 'SOMETIMES', 'OFTEN', 'OCCASIONALLY', 'NEVER']
G36F: [nan, 'SOMETIMES', 'OCCASIONALLY', 'NEVER', 'OFTEN']
G36G: [nan, 'SOMETIMES', 'NEVER', 'OFTEN', 'OCCASIONALLY']
G37: [nan, 'NOT BADLY', 'BADLY', 'NOT AT ALL']
G38A: [nan, 2.0, 7.0, 5.0, 6.0, 8.0, 9.0, 0.0, 4.0, 10.0, 1.0, 3.0]
G38B: [nan, 2.0, 7.0, 10.0, 4.0, 6.0, 5.0, 9.0, 0.0, 3.0, 8.0, 1.0]
G38C: [nan, 2.0, 7.0, 5.0, 8.0, 0.0, 1.0, 4.0, 3.0, 10.0, 9.0, 6.0]
G38D: [nan, 2.0, 6.0, 5.0, 3.0, 8.0, 0.0, 4.0, 10.0, 9.0, 7.0, 1.0]
G40: [nan, 10.0, 0.0, 35.0, 14.0, 2.0, 48.0, 60.0, 1.0, 20.0, 5.0, 40.0, 3.0, 30.0, 6.0, 9.0, 120.0, 200.0, 90.0, 7.0, 4.0, 365.0, 145.0, 45.0, 300.0, 12.0, 75.0, 105.0, 180.0, 190.0, 270.0, 8.0, 42.0, 21.0, 25.0, 50.0, 15.0, 183.0, 185.0, 100.0, 150.0, 65.0, 67.0, 250.0, 240.0, 184.0, 364.0, 122.0, 34.0]
G44: ['YES', nan, 'NO']
G44A: [35.0, nan, 25.0, 18.0, 23.0, 17.0, 16.0, 38.0, 24.0, 71.0, 13.0, 31.0, 29.0, 15.0, 20.0, 47.0, 10.0, 57.0, 36.0, 22.0, 55.0, 26.0, 27.0, 30.0, 42.0, 32.0, 8.0, 21.0, 48.0, 49.0, 50.0, 9.0, 41.0, 56.0, 11.0, 40.0, 79.0, 43.0, 28.0, 52.0, 54.0, 53.0, 46.0, 33.0, 19.0, 12.0, 34.0, 44.0, 39.0, 45.0, 65.0, 61.0, 1.0, 37.0, 14.0, 67.0, 69.0, 64.0, 0.0, 81.0, 68.0, 63.0, 58.0, 6.0, 73.0, 51.0, 59.0, 2.0, 62.0, 85.0, 60.0]
G56: ['NO', nan, 'YES']
G56A: [nan, 25.0, 31.0, 12.0, 23.0, 16.0, 39.0, 71.0, 35.0, 13.0, 43.0, 30.0, 15.0, 47.0, 57.0, 36.0, 22.0, 26.0, 24.0, 27.0, 20.0, 42.0, 18.0, 32.0, 21.0, 48.0, 9.0, 40.0, 38.0, 17.0, 50.0, 56.0, 51.0, 29.0, 28.0, 52.0, 54.0, 62.0, 53.0, 46.0, 33.0, 34.0, 45.0, 37.0, 63.0, 2.0, 19.0, 49.0, 58.0, 61.0, 59.0, 67.0, 69.0, 65.0, 41.0, 55.0, 44.0, 11.0, 3.0, 70.0, 14.0, 10.0, 85.0]
G56B: [nan, 2.0, 3.0, 1.0, 7.0, 5.0, 6.0, 12.0, 8.0, 4.0, 0.0, 20.0, 10.0, 25.0, 28.0, 9.0, 14.0, 45.0]
G56C: [1.0, nan, 2.0, 5.0, 3.0, 6.0, 4.0, 9.0, 7.0, 10.0, 15.0, 0.0, 25.0, 40.0, 30.0, 20.0, 8.0]
G58: ['NO', nan, 'YES']
G59: ['NO', nan, 'YES']
G59_1: [1.0, nan, 0.0, 2.0, 5.0, 4.0, 3.0, 6.0, 9.0, 8.0, 10.0, 30.0, 7.0, 14.0, 11.0, 12.0]
G59A: [nan, 39.0, 34.0, 27.0, 16.0, 21.0, 49.0, 26.0, 35.0, 29.0, 50.0, 43.0, 45.0, 22.0, 41.0, 48.0, 40.0, 28.0, 23.0, 30.0, 17.0, 36.0, 15.0, 25.0, 65.0, 31.0, 18.0, 32.0, 37.0, 12.0, 33.0, 20.0, 11.0, 38.0, 69.0, 19.0, 46.0, 51.0, 53.0, 42.0, 24.0]
